-3.1101767270538954 2.0000000000000004
-3.0473448739820994 1.9960534568565433
-2.9845130209103035 1.9842294026289555
-2.9216811678385075 1.9645745014573768
-2.8588493147667116 1.9371663222572613
-2.796017461694916 1.9021130325903066
-2.7331856086231197 1.859552971776503
-2.670353755551324 1.809654104932039
-2.6075219024795286 1.7526133600877272
-2.5446900494077322 1.6886558510040302
-2.4818581963359367 1.6180339887498942
-2.419026343264141 1.541026485551578
-2.356194490192345 1.4579372548428227
-2.293362637120549 1.3690942118573768
-2.2305307840487534 1.274847979497379
-2.1676989309769574 1.175570504584946
-2.1048670779051615 1.071653589957993
-2.0420352248333655 0.9635073482034301
-1.9792033717615698 0.8515585831301443
-1.9163715186897738 0.7362491053693555
-1.853539665617978 0.6180339887498942
-1.790707812546182 0.4973797743297093
-1.7278759594743862 0.3747626291714492
-1.6650441064025905 0.2506664671286083
-1.6022122533307945 0.1255810390586268
-1.5393804002589986 7.074812103907567e-17
-1.4765485471872029 -0.12558103905862686
-1.413716694115407 -0.25066646712860835
-1.350884841043611 -0.3747626291714492
-1.288052987971815 -0.4973797743297096
-1.2252211349000193 -0.618033988749895
-1.1623892818282235 -0.7362491053693563
-1.0995574287564276 -0.8515585831301452
-1.0367255756846319 -0.9635073482034303
-0.9738937226128358 -1.0716535899579933
-0.9110618695410401 -1.1755705045849465
-0.8482300164692441 -1.2748479794973793
-0.7853981633974483 -1.3690942118573777
-0.7225663103256523 -1.4579372548428235
-0.6597344572538566 -1.5410264855515787
-0.5969026041820606 -1.6180339887498953
-0.5340707511102649 -1.6886558510040304
-0.4712388980384689 -1.7526133600877272
-0.4084070449666731 -1.8096541049320394
-0.34557519189487723 -1.859552971776503
-0.2827433388230814 -1.9021130325903075
-0.21991148575128552 -1.9371663222572624
-0.15707963267948966 -1.9645745014573777
-0.09424777960769379 -1.984229402628956
-0.031415926535897934 -1.9960534568565433
0.0 -2.0
0.06283185307179587 -1.9960534568565427
0.12566370614359174 -1.984229402628956
0.18849555921538758 -1.9645745014573772
0.25132741228718347 -1.9371663222572622
0.3141592653589793 -1.902113032590307
0.37699111843077515 -1.8595529717765025
0.43982297150257105 -1.809654104932039
0.5026548245743669 -1.7526133600877272
0.5654866776461628 -1.6886558510040302
0.6283185307179586 -1.6180339887498947
0.6911503837897545 -1.5410264855515783
0.7539822368615503 -1.4579372548428233
0.8168140899333463 -1.3690942118573775
0.8796459430051421 -1.2748479794973793
0.9424777960769378 -1.1755705045849463
1.0053096491487339 -1.0716535899579929
1.0681415022205298 -0.9635073482034303
1.1309733552923256 -0.8515585831301449
1.1938052083641213 -0.7362491053693561
1.2566370614359172 -0.6180339887498946
1.3194689145077132 -0.49737977432970915
1.382300767579509 -0.37476262917144876
1.4451326206513047 -0.25066646712860835
1.5079644737231006 -0.12558103905862647
1.5707963267948966 3.809514209796383e-16
1.6336281798666925 0.1255810390586269
1.6964600329384882 0.2506664671286085
1.7592918860102842 0.3747626291714492
1.8221237390820801 0.4973797743297099
1.8849555921538756 0.6180339887498949
1.9477874452256716 0.7362491053693556
2.0106192982974678 0.8515585831301455
2.0734511513692637 0.9635073482034306
2.1362830044410597 1.0716535899579933
2.199114857512855 1.1755705045849467
2.261946710584651 1.2748479794973797
2.324778563656447 1.369094211857378
2.3876104167282426 1.4579372548428233
2.4504422698000385 1.5410264855515787
2.5132741228718345 1.6180339887498951
2.57610597594363 1.6886558510040308
2.6389378290154264 1.7526133600877272
2.701769682087222 1.809654104932039
2.764601535159018 1.859552971776503
2.827433388230814 1.902113032590307
2.8902652413026093 1.9371663222572617
2.9530970943744057 1.9645745014573772
3.015928947446201 1.9842294026289566
3.078760800517997 1.9960534568565442
